0.00000 -0.00020 0.00020 -0.00343 -0.00194 -0.00066 0.00241 0.00382 0.00012 0.00596
-0.00932 0.00000 -0.00011 -0.00115 0.12994 0.00044 0.00042 0.00083 0.01539 -0.00002
0.00594 -0.00705 0.00000 0.38609 0.02641 0.00216 0.81693 -0.00027 -0.97767 -0.04385
0.00234 0.00247 0.00001 0.00000 0.02329 0.00400 0.00001 0.00001 -0.00024 0.05154
-0.00235 -0.00002 0.00005 -0.00033 0.00000 -0.00000 -0.00004 -0.00072 0.00018 -0.00001
-0.00201 0.00532 0.00390 0.00071 -1.92608 0.00000 0.01842 0.00111 0.02691 0.03927
0.00620 0.00324 0.00000 0.50853 -0.02842 0.00080 0.00000 0.00000 -0.01575 -0.01779
0.00138 0.00488 0.00222 0.33407 0.03215 -0.00048 0.67826 0.00000 0.00701 -0.00259
-0.00341 0.00018 -0.00000 -0.03548 0.00727 -0.00006 0.00006 0.00001 0.00000 -0.00297
0.00086 -0.42435 0.00002 0.00027 -1.33527 -0.00055 0.00003 0.00091 0.00030 -0.00000
